# Iteration  Min objective  Max objective  Mean objective  St. Dev. objective
0 15493.862192 217629.118289 48075.994468 34187.393735
1 15493.862192 202706.206061 37467.583496 22709.594858
2 15003.018114 152231.525682 31609.188919 16034.300717
3 13697.148370 82748.691774 28660.067803 9724.221938
4 13697.148370 64853.217987 26417.957593 8587.256789
5 13697.148370 64853.217987 23762.555004 7070.048700
6 13636.638582 64853.217987 22699.140764 6841.727095
7 13541.919885 55786.648396 21874.693066 6007.730518
8 13238.643420 48747.223429 21116.126464 5387.204208
9 13238.643420 45773.954364 19987.885591 5002.452356
10 12399.438189 30192.558224 18647.556574 3717.695660
11 12172.847785 28671.936298 17519.512996 3423.312169
12 11956.940368 26065.252434 16799.231258 3062.099765
13 11956.940368 24560.696093 16193.194743 2706.795879
14 11794.180312 21383.741511 15645.234542 2419.886722
15 11002.067413 20203.612686 15274.600029 2249.630296
16 11002.067413 20203.612686 14978.858419 2186.270619
17 10308.345270 20203.612686 14475.433976 2042.726896
18 10308.345270 20203.612686 14175.361716 1899.424402
19 10308.345270 18534.072431 13801.638948 1649.451998
20 10308.345270 18534.072431 13499.567447 1504.979109
21 9623.056681 18534.072431 13202.545762 1599.968005
22 9623.056681 16363.227559 12879.604029 1417.446488
23 8866.057162 16119.909947 12497.961761 1514.057599
24 8589.321486 16119.909947 12273.065411 1543.583582
25 8589.321486 16119.909947 11900.376968 1515.867103
26 8589.321486 16119.909947 11783.411911 1515.277917
27 8589.321486 16119.909947 11499.119411 1435.443465
28 7930.757093 16119.909947 11205.953165 1442.338746
29 7930.757093 14262.136171 11029.397490 1324.717068
30 7930.757093 14173.366485 10808.695863 1255.873847
31 7930.757093 14044.185865 10602.837314 1216.620824
32 7930.757093 13217.139607 10419.078538 1110.966686
33 7930.757093 13093.012920 10185.384229 1019.571891
34 7930.757093 13093.012920 10116.705329 1029.772041
35 7930.757093 12390.346834 9969.103022 938.633818
36 7930.757093 12228.123859 9750.098877 951.967940
37 7741.265906 12228.123859 9528.102617 957.155373
38 7735.591117 12228.123859 9326.728651 948.857924
39 7735.591117 12228.123859 9149.008346 952.605198
40 7735.591117 11319.194307 8952.070022 791.562677
41 7148.928444 11319.194307 8825.571625 777.556977
42 7148.928444 11319.194307 8636.631378 732.816065
43 6735.717201 10768.329485 8471.011386 695.491230
44 6382.128492 10756.663130 8358.831962 646.849725
45 6382.128492 10756.663130 8246.614866 646.705129
46 6382.128492 10305.309662 8150.660759 619.209041
47 6382.128492 10305.309662 8007.874117 661.565619
48 6382.128492 10277.992816 7875.889540 638.239203
49 6382.128492 10277.992816 7761.251803 642.467066
50 6382.128492 10277.992816 7640.377033 619.016621
51 6195.682409 9551.028776 7551.862467 608.205972
52 5910.139587 8766.472928 7356.022568 622.144373
53 5910.139587 8766.472928 7256.476874 548.017750
54 5703.198019 8766.472928 7165.501876 547.467130
55 5703.198019 8595.437937 7037.049489 580.271635
56 5410.474517 8159.068099 6921.521590 572.696196
57 5410.474517 7991.881823 6804.287075 556.573617
58 5410.474517 7905.326944 6693.617864 555.464230
59 5379.311439 7905.326944 6577.498747 565.788223
60 5364.782626 7905.326944 6427.677824 535.482447
61 5364.782626 7905.326944 6313.530449 487.140444
62 5295.180454 7883.270432 6250.754650 493.189720
63 5295.180454 7883.270432 6171.920362 495.260341
64 5295.180454 7883.270432 6105.397515 490.825208
65 5100.778928 7250.171776 6005.629762 458.953045
66 4994.191527 7031.188125 5942.425293 444.212986
67 4994.191527 6877.274802 5852.740771 405.179704
68 4994.191527 6877.274802 5797.129413 381.730201
69 4994.191527 6667.104947 5736.180861 350.647056
70 4993.417665 6636.796860 5685.655726 345.649749
71 4993.417665 6636.796860 5618.568854 334.109110
72 4993.417665 6636.796860 5590.367629 328.356979
73 4993.417665 6433.922965 5520.658502 294.256092
74 4851.621950 6433.922965 5458.968985 277.810393
75 4851.621950 5950.706668 5377.184690 250.137809
76 4646.781634 5950.706668 5305.795753 264.145146
77 4490.931363 5851.343873 5243.188537 291.565486
78 4490.931363 5851.343873 5202.230256 290.517211
79 4490.931363 5802.496476 5138.936192 274.307263
80 4490.931363 5722.198908 5069.705247 274.356173
81 4490.931363 5623.696923 5002.282271 252.818497
82 4286.790535 5587.267520 4930.795684 254.049506
83 4286.790535 5364.106603 4852.467863 223.932913
84 4286.790535 5364.106603 4783.989081 225.903132
85 4286.790535 5290.732401 4728.704727 212.426742
86 4204.969462 5267.959892 4672.466809 221.475481
87 4181.070664 5221.407392 4609.662104 218.236512
88 4181.070664 5221.407392 4572.439044 202.347571
89 4181.070664 5037.323624 4530.803458 181.041078
90 4181.070664 5000.473140 4491.674001 169.196795
91 4149.565674 5000.473140 4443.691759 172.997779
92 3986.619924 5000.473140 4400.537240 176.504749
93 3986.619924 4783.436778 4372.923916 161.808246
94 3897.475966 4731.564299 4332.322408 152.501386
95 3897.475966 4731.564299 4308.702226 147.442050
96 3897.475966 4731.564299 4269.174049 144.480227
97 3842.715053 4688.644876 4238.086630 159.482630
98 3842.715053 4522.930516 4208.778253 148.706495
99 3842.715053 4522.930516 4179.921972 145.199620
100 3767.499732 4452.439159 4135.867232 147.001800
101 3685.329932 4448.742314 4115.433848 154.843138
102 3685.329932 4448.742314 4094.558270 154.034298
103 3685.329932 4377.003532 4061.781771 147.052707
104 3685.329932 4377.003532 4036.551583 141.126841
105 3685.329932 4377.003532 4003.091219 142.845896
106 3685.329932 4309.515303 3979.604943 131.645446
107 3685.329932 4304.924800 3946.706673 126.342975
108 3641.801024 4230.373236 3917.374058 120.947192
109 3641.801024 4193.355519 3897.566771 112.718022
110 3641.801024 4193.355519 3879.660668 111.792567
111 3590.421176 4177.694983 3859.600229 111.379529
112 3590.421176 4177.694983 3840.392627 107.783990
113 3590.421176 4172.403956 3819.847005 111.476460
114 3514.458593 4048.303015 3799.088539 101.537719
115 3514.458593 4011.503836 3771.353773 97.507006
116 3486.462164 4011.503836 3752.004501 97.057346
117 3486.462164 3932.575799 3733.625941 89.187908
118 3486.462164 3918.803499 3717.212746 86.743032
119 3486.462164 3913.313750 3705.315852 81.712611
120 3486.462164 3913.313750 3690.399307 82.683186
121 3486.462164 3913.313750 3681.247134 86.370329
122 3486.462164 3913.313750 3666.498231 87.207269
123 3486.462164 3913.313750 3645.614407 83.168781
124 3486.462164 3913.313750 3633.629594 80.662384
125 3472.467752 3801.745644 3612.209224 77.310893
126 3409.062088 3765.617281 3599.602240 71.334409
127 3409.062088 3757.100205 3587.370564 69.522973
128 3409.062088 3730.412936 3572.128569 72.418682
129 3402.279769 3722.756456 3554.524183 66.162682
130 3402.279769 3668.961198 3544.753336 63.301772
131 3352.486197 3663.794968 3532.093691 65.052309
132 3352.486197 3663.794968 3524.564515 64.603059
133 3349.898095 3663.794968 3512.870848 71.243596
134 3334.284850 3639.397503 3496.254990 66.833687
135 3332.282119 3621.476403 3488.167406 70.049625
136 3331.175883 3621.476403 3476.206557 70.522940
137 3331.175883 3613.895952 3465.873288 65.698644
138 3331.175883 3613.895952 3455.268527 61.569509
139 3299.404010 3613.895952 3440.463194 60.169025
140 3299.203754 3613.895952 3432.244813 64.304102
141 3299.203754 3595.713038 3426.410709 62.936558
142 3299.203754 3595.713038 3420.614600 61.836288
143 3299.203754 3564.406882 3412.035318 58.023441
144 3274.435338 3517.650821 3401.204467 54.761321
145 3274.435338 3517.650821 3395.711364 52.562308
146 3274.435338 3514.019030 3385.300401 50.301221
147 3274.435338 3514.019030 3379.744838 50.632077
148 3274.435338 3514.019030 3371.754608 46.550002
149 3274.435338 3514.019030 3368.297203 45.241089
150 3274.435338 3514.019030 3364.210148 42.962527
151 3274.435338 3514.019030 3362.187859 41.957114
152 3274.435338 3452.354423 3354.671409 34.358002
153 3271.179679 3452.354423 3346.453207 33.521698
154 3254.019002 3413.992657 3335.563004 33.939992
155 3222.608022 3413.992657 3329.202526 35.519872
156 3222.608022 3413.992657 3323.168171 35.340557
157 3222.608022 3413.992657 3318.083554 36.046432
158 3222.608022 3413.992657 3310.777634 34.752284
159 3222.608022 3413.992657 3306.500567 36.300283
160 3222.608022 3413.992657 3301.061510 35.745729
161 3222.608022 3408.223824 3299.073279 35.767130
162 3222.608022 3399.282091 3294.337611 34.796151
163 3222.608022 3399.282091 3286.929409 35.135385
164 3221.083989 3399.282091 3280.034693 33.511052
165 3220.324728 3399.282091 3274.833497 33.424044
166 3199.534873 3399.282091 3267.149266 32.868203
167 3199.534873 3369.652611 3260.418533 30.975618
168 3199.534873 3358.364981 3256.136166 28.344180
169 3199.534873 3358.364981 3251.021311 26.828133
170 3199.534873 3334.746381 3247.018593 24.356828
171 3191.017533 3293.785358 3241.895350 23.393178
172 3191.017533 3293.582997 3237.213930 22.625536
173 3191.017533 3293.582997 3234.909428 20.951597
174 3188.802613 3293.582997 3232.399267 20.370890
175 3188.802613 3293.582997 3229.951143 19.371263
176 3188.802613 3274.435338 3228.533430 18.111876
177 3188.802613 3274.435338 3225.164013 18.095456
178 3188.802613 3274.435338 3223.245048 17.722595
179 3188.802613 3274.435338 3222.308164 17.681353
180 3184.694966 3274.435338 3219.111226 17.232889
181 3174.467433 3246.025620 3215.202755 16.908283
182 3174.467433 3246.025620 3213.452302 17.109676
183 3169.067345 3246.025620 3210.866730 17.287977
184 3152.485190 3246.025620 3208.246538 17.846456
185 3152.485190 3246.025620 3206.497204 17.707866
186 3152.485190 3244.536856 3203.096876 17.486095
187 3152.485190 3231.218307 3198.829738 17.369883
188 3152.485190 3231.218307 3196.874162 17.802824
189 3152.485190 3231.218307 3193.979839 16.808649
190 3152.485190 3227.753532 3192.105812 16.251934
191 3152.485190 3227.753532 3190.003466 16.027924
192 3152.485190 3221.618928 3188.161108 15.418286
193 3152.485190 3220.096792 3186.218853 15.262122
194 3152.485190 3220.096792 3184.248954 14.138900
195 3149.709575 3220.096792 3181.376989 14.237877
196 3149.221707 3220.096792 3177.873316 14.313738
197 3149.221707 3220.096792 3176.027328 14.008458
198 3144.294304 3220.096792 3173.456939 14.200102
199 3140.671334 3194.686929 3170.562903 12.251829
