5.918409090909091397e+00
2.494318181818181657e+00
1.024999999999999911e+00
4.522727272727272707e-01
6.695454545454546658e-01
6.562045454545454071e+00
3.332920110192837626e+00
1.972451790633608926e-01
1.990771349862259010e+00
1.232920110192837537e+00
4.038636363636363691e-01
4.601928374655647747e-01
9.781818181818181523e-01
2.637741046831956204e-01
4.229476584022038743e+00
8.929545454545453342e-01
3.124104683195592536e+00
8.303030303030303205e-01
1.419146005509642094e+00
1.419146005509642094e+00
1.423636363636363589e+00
