4.880681818181818343e+00
4.752500000000000391e+00
4.636136363636364166e+00
4.636136363636364166e+00
4.752500000000000391e+00
4.880681818181818343e+00
6.091735537190082539e+00
2.176308539944903780e-02
7.108815426997244780e-01
4.373278236914600603e-01
2.754820936639118751e-04
4.780991735537190590e-01
2.754820936639118751e-04
4.373278236914600603e-01
7.108815426997244780e-01
2.176308539944903780e-02
6.091735537190082539e+00
3.808126721763085420e+00
3.022176308539945122e+00
3.022176308539945122e+00
3.808126721763085420e+00
